7613
7017
4912
8112
6845
8112
8214
9131
8217
9131
6845
9131

8211
7098
8214
8112
6845
9131
7530
9131
7017
5613
7017
4912
8112
6845
8112
8214
9131
8217
9131
6845
9131

8211
7098
8214
8112
6845
9131
7530
9131
7017
5613
7017
4912
8112
6845
8112
8214
9131
8217
9131
6845
9131
7532
6087
6161
8112
6843
8112
6843
9121
6845
6084
7530
5615
7019
6317
7019
6848
8116
6163
8116
8214
7102
6848
8116
7530
6087
6163
9136
8217
8116
7530
7102
6845
7102
8214
9131
5617
6315
5615
6845
9131
6848
8116
7532
8116
6848
8116
7532
7102
6165
7106
6165
7106
6850
9136
7532
8116
7532
5617
5615
6320
7721
8217
6087
6161
8112
6845
10146
6163
8116
7530
6087
7532
8121
7532
6090
8217
8116
7532
7106
8220
4915
7019
4915